# COORDINAOE FILE
#
#
#
# FORMAT: 
#   NUMPROVINCES
#     PROVINCENAME NAMEX NAMEY ARMYX ARMYY FLEETX FLEETY 000 000
#     PROVINCENAME NAMEX NAMEY ARMYX ARMYY FLEETX FLEETY (FLEET_SX FLEETS_SY)
#
# S stands for secondary coast and only makes sense for fleets
#
# PN  NX  NY  AX  AY  FX  FY  FXS FYS  

75
  NAO 039 063 000 000 062 129 000 000
  NWG 200 027 000 000 213 074 000 000
  IRI 092 231 000 000 086 253 000 000
  NTH 191 165 000 000 202 203 000 000
  BAR 385 004 000 000 427 016 000 000
  SKA 253 174 000 000 248 182 000 000
  HEL 223 216 000 000 226 224 000 000
  BAL 305 203 000 000 297 218 000 000
  GOB 311 140 000 000 326 170 000 000
  ENG 112 257 000 000 155 260 000 000
  MAO 011 271 000 000 065 293 000 000
  WMS 123 422 000 000 172 426 000 000
  GOL 143 388 000 000 183 385 000 000
  TYS 225 399 000 000 226 435 000 000
  ADR 266 373 000 000 290 394 000 000
  ION 277 457 000 000 303 448 000 000
  AEG 358 460 000 000 368 432 000 000
  EMS 412 474 000 000 422 471 000 000
  BLA 456 365 000 000 424 372 000 000
  
  CLY 135 156 151 168 151 168 000 000
  WAL 145 223 146 236 134 241 000 000
  YOR 167 200 172 211 172 211 000 000
  PIC 168 278 177 276 172 271 000 000
  GAS 135 324 147 336 133 330 000 000
  BUR 181 315 197 310 000 000 000 000
  RUH 216 267 223 276 000 000 000 000
  PRU 290 237 317 241 308 231 000 000
  SIL 277 258 294 273 000 000 000 000
  PIE 209 338 219 344 214 356 000 000
  TUS 238 360 238 376 238 376 000 000
  APU 267 391 287 408 287 408 000 000
  NAF 065 471 128 472 156 446 000 000
  BOH 265 284 282 296 000 000 000 000
  GAL 321 293 355 302 000 000 000 000
  ALB 315 398 319 413 319 413 000 000
  SYR 555 470 539 452 498 479 000 000
  ARM 593 402 538 391 527 380 000 000
  UKR 379 279 387 298 000 000 000 000
  LIV 347 204 359 226 338 193 000 000
  FIN 340 137 357 054 333 121 000 000
  TYR 262 313 262 319 000 000 000 000
  
  
  LVP 149 189 155 203 155 203 000 000
  EDI 161 159 167 170 172 173 000 000
  LON 165 232 174 235 167 253 000 000
  BEL 192 263 192 259 192 259 000 000
  BRE 135 296 144 290 132 282 000 000
  PAR 160 296 163 312 000 000 000 000
  MAR 178 342 193 337 192 364 000 000
  POR 049 354 035 389 025 395 000 000
  VEN 234 346 245 361 259 372 000 000
  ROM 255 389 261 398 259 400 000 000
  TRI 288 364 290 352 277 362 000 000
  VIE 291 305 299 318 000 000 000 000
  BUD 328 321 329 343 000 000 000 000
  SER 324 382 335 398 000 000 000 000
  GRE 332 412 341 455 354 412 000 000
  KIE 233 252 242 252 242 237 000 000
  BER 263 233 274 231 274 231 000 000
  MUN 232 286 248 277 000 000 000 000
  SWE 285 113 287 176 287 205 000 000
  NWY 255 117 256 140 233 166 000 000
  RUM 347 356 386 353 400 358 000 000
  SEV 508 318 496 280 472 337 000 000
  ANK 482 398 450 409 448 388 000 000
  SMY 441 437 516 426 429 450 000 000
  NAP 285 421 283 438 283 438 000 000
  WAR 317 272 342 264 000 000 000 000
  MOS 510 175 583 186 603 263 000 000
  TUN 196 472 203 489 222 458 000 000
  HOL 208 243 216 242 213 236 000 000
  DEN 242 199 245 205 256 217 000 000
  CON 396 421 422 420 393 409 000 000
  
  BUL 361 374 373 390 394 378 374 407
  STP 503 051 477 106 466 028 383 155
  SPA 067 390 108 370 068 323 089 421
